Sample-Cam1-1_04.18.05(204).jpg;191882.148;356097.185;3460498.347;15.048;296.56983347;-92.99365406;195.47347774;-1.09555872852E-001;-7.80284414156E-003;-9.93950011996E-001;-9.93825769669E-001;-1.67914814592E-002;1.09673997340E-001;-1.75456623054E-002;9.99828566192E-001;-5.91506217686E-003
Sample-Cam1-2_04.18.06(190).jpg;191883.134;356100.179;3460502.321;15.050;289.89962465;-93.38790056;189.08254902;-1.02155202537E-001;-1.76924706544E-002;-9.94611125554E-001;-9.94674499309E-001;-1.19261716931E-002;1.02373858247E-001;-1.36731495340E-002;9.99772345542E-001;-1.63799289049E-002
Sample-Cam1-3_04.18.07(165).jpg;191884.109;356103.146;3460506.325;15.045;297.70194573;-94.76317073;197.22581922;-8.20891793153E-002;-3.57944398523E-003;-9.96618560042E-001;-9.96596003430E-001;-7.33169851620E-003;8.21136538248E-002;-7.60082804217E-003;9.99966716335E-001;-2.96540645600E-003
Sample-Cam1-4_04.18.08(115).jpg;191885.059;356105.998;3460510.378;15.014;299.69632636;-96.21484142;199.16156638;-5.94169530824E-002;-7.82571542519E-004;-9.98232945393E-001;-9.98197839031E-001;-8.37662010673E-003;5.94214303855E-002;-8.40831968202E-003;9.99964609282E-001;-2.83447978759E-004
Sample-Cam1-5_04.18.09(047).jpg;191885.991;356108.788;3460514.503;14.969;299.05953388;-97.37340502;197.71731724;-4.12202409889E-002;-1.47863894118E-003;-9.99148990571E-001;-9.98927381835E-001;-2.10514236032E-002;4.12422524100E-002;-2.10944910436E-002;9.99777300798E-001;-6.09308172107E-004
Sample-Cam1-6_04.18.09(961).jpg;191886.905;356111.541;3460518.707;14.928;-90.02279961;-98.05233071;208.66129370;-3.03064798482E-002;4.14886555311E-003;-9.99532042605E-001;-9.99328427743E-001;-2.07314342322E-002;3.02142539073E-002;-2.05963779270E-002;9.99776472292E-001;4.77437608389E-003
Sample-Cam1-7_04.18.10(846).jpg;191887.790;356114.232;3460522.892;14.903;-73.85292387;-98.36019001;224.77007113;-2.38301690660E-002;9.77009475473E-003;-9.99668279126E-001;-9.99484680925E-001;-2.17436286128E-002;2.36132846328E-002;-2.15057117690E-002;9.99715839558E-001;1.02832143845E-002
Sample-Cam1-8_04.18.11(718).jpg;191888.661;356116.912;3460527.097;14.874;-80.56442156;-98.42823368;217.92262462;-2.37148734159E-002;6.85856250785E-003;-9.99695236009E-001;-9.99438387410E-001;-2.38439414578E-002;2.35451954092E-002;-2.36751884885E-002;9.99692165907E-001;7.42016670620E-003
Sample-Cam1-9_04.18.12(581).jpg;191889.524;356119.610;3460531.315;14.851;-75.03439449;-98.17575232;223.73458028;-2.66830414653E-002;1.04360888141E-002;-9.99589467406E-001;-9.99459741847E-001;-1.94738766342E-002;2.64762639978E-002;-1.91895733305E-002;9.99755898297E-001;1.09500728898E-002
Sample-Cam1-10_04.18.13(447).jpg;191890.390;356122.323;3460535.509;14.836;-77.16777521;-97.81893334;221.41247853;-3.23340844938E-002;1.13050119102E-002;-9.99413179664E-001;-9.99232642754E-001;-2.24808249641E-002;3.20739483509E-002;-2.21050363908E-002;9.99683354475E-001;1.20232338213E-002
Sample-Cam1-11_04.18.14(325).jpg;191891.268;356125.063;3460539.693;14.829;-81.77343806;-97.59700780;216.53001901;-3.64721689663E-002;9.68882972413E-003;-9.99287700049E-001;-9.98984529578E-001;-2.68215152535E-002;3.62010494690E-002;-2.64516644853E-002;9.99593283740E-001;1.06572298404E-002
Sample-Cam1-12_04.18.15(220).jpg;191892.163;356127.795;3460543.910;14.827;-80.91940548;-98.31289267;217.50940430;-2.55019972566E-002;7.19637410969E-003;-9.99648868521E-001;-9.99372590226E-001;-2.47688028559E-002;2.53166409523E-002;-2.45779177301E-002;9.99667303959E-001;7.82351297672E-003
Sample-Cam1-13_04.18.16(131).jpg;191893.074;356130.445;3460548.190;14.831;241.06002070;-99.57536497;139.43490776;-3.87253444785E-003;-5.43081372646E-003;-9.99977754622E-001;-9.99666434050E-001;-2.55135533591E-002;4.00989125956E-003;-2.55347627729E-002;9.99659724535E-001;-5.33020007765E-003
Sample-Cam1-14_04.18.17(051).jpg;191893.994;356133.045;3460552.530;14.809;78.17554848;-98.98321913;-23.24833496;1.49177271032E-002;5.70353832499E-003;-9.99872457401E-001;-9.99637684501E-001;-2.23215462202E-002;-1.50415524125E-002;-2.24044893428E-002;9.99734573887E-001;5.36848510963E-003
Sample-Cam1-15_04.18.17(980).jpg;191894.923;356135.538;3460556.893;14.798;105.98518470;-98.13394278;4.40922771;2.92374952300E-002;-2.02823268290E-003;-9.99570435310E-001;-9.99266966468E-001;-2.47821427191E-002;-2.91783331955E-002;-2.47123167366E-002;9.99690818040E-001;-2.75131369987E-003
Sample-Cam1-16_04.18.18(936).jpg;191895.880;356138.025;3460561.312;14.804;93.85694351;-98.00016656;-7.34697739;3.11992205253E-002;3.61664929135E-003;-9.99506642542E-001;-9.99333393765E-001;-1.88534723091E-002;-3.12620326846E-002;-1.89572346163E-002;9.99815716235E-001;3.02602477014E-003
Sample-Cam1-17_04.18.19(943).jpg;191896.887;356140.559;3460565.727;14.797;105.34954467;-99.09118666;3.81822863;1.42494541930E-002;-8.55659982158E-004;-9.99898105259E-001;-9.99609367311E-001;-2.40576227045E-002;-1.42247521728E-002;-2.40429998081E-002;9.99710207328E-001;-1.19813372612E-003
Sample-Cam1-18_04.18.21(021).jpg;191897.965;356143.183;3460570.115;14.814;257.96912395;-99.21465338;157.07504853;-9.63638395576E-003;-7.70156566953E-003;-9.99923910100E-001;-9.99854434913E-001;-1.40061202954E-002;9.74359167884E-003;-1.40800954823E-002;9.99872249080E-001;-7.56547623756E-003
Sample-Cam1-19_04.18.22(195).jpg;191899.139;356145.946;3460574.450;14.815;278.03494908;-97.44438904;176.98590148;-3.75387167568E-002;-1.41942001289E-002;-9.99194360186E-001;-9.99155076673E-001;-1.62095077334E-002;3.77675074238E-002;-1.67325282673E-002;9.99767861327E-001;-1.35737229985E-002
Sample-Cam1-20_04.18.23(470).jpg;191900.414;356148.848;3460578.696;14.814;292.16551871;-95.66478334;191.21841088;-6.73984636488E-002;-9.35642245025E-003;-9.97682266284E-001;-9.97610981399E-001;-1.45602992033E-002;6.75301967898E-002;-1.51583933563E-002;9.99850216305E-001;-8.35272798641E-003
Sample-Cam1-21_04.18.24(849).jpg;191901.792;356151.863;3460582.852;14.802;291.81752291;-93.96643050;190.58518021;-9.36003026090E-002;-1.39441329392E-002;-9.95512202089E-001;-9.95410450184E-001;-1.87005662351E-002;9.38526743750E-002;-1.99253360412E-002;9.99727887967E-001;-1.21297569878E-002
Sample-Cam1-22_04.18.26(396).jpg;191903.339;356155.036;3460587.055;14.832;295.89781113;-93.34338511;194.47957797;-1.03979273529E-001;-9.03918755627E-003;-9.94538387276E-001;-9.94322066192E-001;-2.18036852648E-002;1.04154827026E-001;-2.26260769963E-002;9.99721407392E-001;-6.72073229355E-003
Sample-Cam1-23_04.18.28(346).jpg;191905.289;356158.363;3460591.477;14.864;297.53153836;-93.85390041;196.41096742;-9.62396635297E-002;-5.43140040698E-003;-9.95343371432E-001;-9.95199354866E-001;-1.73387905168E-002;9.63203530791E-002;-1.77812046145E-002;9.99834919491E-001;-3.73664681569E-003
Sample-Cam1-24_04.20.57(852).jpg;192054.794;356162.572;3460597.253;14.897;287.20620796;-94.52523708;185.54087995;-8.36855666888E-002;-1.93406562512E-002;-9.96304504127E-001;-9.96129749938E-001;-2.53405394192E-002;8.41628085931E-002;-2.68746575105E-002;9.99491768889E-001;-1.71451656736E-002
Sample-Cam1-25_04.21.01(852).jpg;192058.795;356163.485;3460598.447;14.913;289.63866324;-92.42615570;187.38900568;-1.16368093600E-001;-2.33580409893E-002;-9.92931452172E-001;-9.92536968631E-001;-3.39574777370E-002;1.17120688210E-001;-3.64531575174E-002;9.99150284805E-001;-1.92321522489E-002
Sample-Cam1-26_04.21.03(605).jpg;192060.548;356165.889;3460601.519;14.971;296.56978209;-92.86413697;194.51165101;-1.11439889332E-001;-9.63119272815E-003;-9.93724504675E-001;-9.93234346387E-001;-3.17838549053E-002;1.11692970791E-001;-3.26601320005E-002;9.99448361194E-001;-6.02404214107E-003
Sample-Cam1-27_04.21.04(982).jpg;192061.925;356168.664;3460605.220;14.998;297.98927345;-94.48950518;195.81091927;-8.62635086820E-002;-5.68451185383E-003;-9.96256138448E-001;-9.95680742187E-001;-3.39647779423E-002;8.64074851926E-002;-3.43288028899E-002;9.99406864187E-001;-2.73003806469E-003
Sample-Cam1-28_04.21.06(175).jpg;192063.118;356171.375;3460609.150;15.050;291.03310939;-97.31080365;189.31271502;-4.16355763516E-002;-7.05600172569E-003;-9.99107947932E-001;-9.98764075263E-001;-2.68730272939E-002;4.18110316570E-002;-2.71440738658E-002;9.99613952105E-001;-5.92840705892E-003
Sample-Cam1-29_04.21.07(335).jpg;192064.278;356174.023;3460613.425;15.080;109.76029105;-99.08238797;7.93655174;1.43014569191E-002;-1.79221506412E-003;-9.99896122752E-001;-9.99487834085E-001;-2.86560768995E-002;-1.42442540016E-002;-2.86275714185E-002;9.99587723625E-001;-2.20112080190E-003
Sample-Cam1-30_04.21.08(388).jpg;192065.330;356176.293;3460617.707;15.109;107.27857884;-94.66350425;5.60585361;8.34029448273E-002;-7.36321615410E-003;-9.96488701312E-001;-9.96179970552E-001;-2.65788606224E-002;-8.31807095424E-002;-2.58730567597E-002;9.99619601256E-001;-9.55184369762E-003
Sample-Cam1-31_04.21.09(414).jpg;192066.356;356178.245;3460622.281;15.155;104.56168586;-87.90267479;2.73913359;1.88707988896E-001;-8.12440358557E-003;-9.81999637980E-001;-9.81652675207E-001;-2.93969353053E-002;-1.88398103636E-001;-2.73371575988E-002;9.99534798924E-001;-1.35227790554E-002
Sample-Cam1-32_04.21.10(442).jpg;192067.384;356179.613;3460627.107;15.204;101.86456977;-79.04154963;1.39460820;3.23222305554E-001;-7.08178758194E-003;-9.46296565289E-001;-9.46305229667E-001;-8.55792516456E-003;-3.23161220171E-001;-5.80977607325E-003;9.99938303198E-001;-9.46764492663E-003
Sample-Cam1-33_04.21.11(439).jpg;192068.381;356180.164;3460631.997;15.192;101.68460861;-67.44793607;0.90670998;4.89284991074E-001;-6.96914556364E-003;-8.72096111974E-001;-8.72079204532E-001;-1.40398794247E-002;-4.89163308935E-001;-8.83507395450E-003;9.99877148852E-001;-1.29471491984E-002
Sample-Cam1-34_04.21.12(443).jpg;192069.385;356179.773;3460637.009;15.185;101.33437317;-54.42716659;-0.05687441;6.56263570985E-001;5.86293609197E-004;-7.54531498122E-001;-7.54346733504E-001;-2.16326777119E-002;-6.56119678798E-001;-1.67072154969E-002;9.99765814336E-001;-1.37544696562E-002
Sample-Cam1-35_04.21.13(431).jpg;192070.373;356178.354;3460641.765;15.186;99.72104369;-40.51320098;-1.13557427;8.04124476184E-001;1.43451391525E-002;-5.94287845900E-001;-5.94265756062E-001;-6.21885611914E-003;-8.04244699703E-001;-1.52327927369E-002;9.99877763935E-001;3.52409054502E-003
Sample-Cam1-36_04.21.14(381).jpg;192071.324;356175.905;3460646.135;15.135;99.10857113;-26.42766433;-1.25814469;9.14887309446E-001;1.80831721587E-002;-4.03304115897E-001;-4.03462532561E-001;6.03018499217E-003;-9.14976295698E-001;-1.41136754493E-002;9.99818301370E-001;1.28128221588E-002
Sample-Cam1-37_04.21.15(309).jpg;192072.252;356172.596;3460649.900;15.080;99.18535745;-13.84818432;-1.76669126;9.76058232042E-001;2.70936660800E-002;-2.15815339864E-001;-2.16069638790E-001;6.80324039497E-003;-9.76354252878E-001;-2.49847724652E-002;9.99609748441E-001;1.24944774355E-002
Sample-Cam1-38_04.21.16(184).jpg;192073.127;356168.686;3460653.003;15.045;98.72320829;-3.43867928;-1.62221479;9.98217396320E-001;2.54417733876E-002;-5.39883862530E-002;-5.44709713604E-002;1.86726525106E-002;-9.98340746102E-001;-2.43914526498E-002;9.99501900056E-001;2.00252046811E-002
Sample-Cam1-39_04.21.17(012).jpg;192073.955;356164.414;3460655.515;15.004;99.09388434;3.66548754;-1.55868074;9.98043668474E-001;2.44406854164E-002;5.75455360172E-002;5.71740263275E-002;1.56371294556E-002;-9.98241759744E-001;-2.52975598157E-002;9.99578977910E-001;1.42091656549E-002
Sample-Cam1-40_04.21.17(793).jpg;192074.736;356159.911;3460657.647;14.972;99.53414033;8.23104365;-1.50454937;9.91376380996E-001;2.34339638947E-002;1.28933007952E-001;1.28720626825E-001;1.03623587451E-002;-9.91626755262E-001;-2.45737956623E-002;9.99671681532E-001;7.25656318981E-003
Sample-Cam1-41_04.21.18(541).jpg;192075.484;356155.264;3460659.568;14.951;99.24548288;10.95885977;-1.87082990;9.84794842774E-001;2.89484282536E-002;1.71292457940E-001;1.70858241231E-001;1.68792136017E-002;-9.85151030833E-001;-3.14098559209E-002;9.99438382618E-001;1.16764849672E-002
Sample-Cam1-42_04.21.19(250).jpg;192076.193;356150.593;3460661.316;14.930;99.65626203;12.05819893;-1.75121069;9.81743984956E-001;2.70125813472E-002;1.88279230004E-001;1.88056749114E-001;1.05758020636E-002;-9.82101222646E-001;-2.85202930371E-002;9.99579147872E-001;5.30283182873E-003
Sample-Cam1-43_04.21.19(933).jpg;192076.876;356145.925;3460663.029;14.943;100.19014145;12.05598922;-2.11990259;9.81577612207E-001;3.26979850025E-002;1.88245140683E-001;1.88239381460E-001;3.28218011797E-003;-9.82117692826E-001;-3.27311240488E-002;9.99459888675E-001;-2.93333394885E-003
Sample-Cam1-44_04.21.20(607).jpg;192077.549;356141.234;3460664.774;14.978;99.88453187;11.90226295;-1.92778491;9.82123307389E-001;2.97493337831E-002;1.85873037912E-001;1.85732603113E-001;7.44059550091E-003;-9.82572153930E-001;-3.06138730629E-002;9.99529696746E-001;1.78216105787E-003
Sample-Cam1-45_04.21.21(279).jpg;192078.221;356136.546;3460666.531;15.002;99.75025645;11.64726521;-1.70598048;9.82957360662E-001;2.63470858794E-002;1.81935862837E-001;1.81764030118E-001;8.79634546705E-003;-9.83302833140E-001;-2.75075348925E-002;9.99614153247E-001;3.85748001246E-003
Sample-Cam1-46_04.21.21(939).jpg;192078.881;356131.895;3460668.299;15.012;99.90777103;11.30111965;-1.79020081;9.83895949148E-001;2.76748512187E-002;1.76586703523E-001;1.76475970789E-001;6.41318667036E-003;-9.84284055936E-001;-2.83723982982E-002;9.99596405379E-001;1.42596215084E-003
Sample-Cam1-47_04.21.22(598).jpg;192079.540;356127.231;3460670.095;15.031;100.03944807;10.93544139;-1.80401223;9.84887602594E-001;2.79165851645E-002;1.70930028165E-001;1.70878927911E-001;4.22365613200E-003;-9.85282981039E-001;-2.82276859129E-002;9.99601333033E-001;-6.10529581809E-004
Sample-Cam1-48_04.21.23(260).jpg;192080.202;356122.588;3460671.934;15.063;99.82218849;10.50146230;-1.95760545;9.85959159025E-001;3.03277982978E-002;1.64209504555E-001;1.64045362486E-001;7.84035851599E-003;-9.86421637955E-001;-3.12034578600E-002;9.99509256300E-001;2.75513862370E-003
Sample-Cam1-49_04.21.23(928).jpg;192080.870;356117.945;3460673.801;15.090;99.84864445;10.04409352;-1.92918970;9.87126336358E-001;2.99226820338E-002;1.57118519497E-001;1.56973903934E-001;7.13691468281E-003;-9.87576963043E-001;-3.06722929177E-002;9.99526736785E-001;2.34795622873E-003
Sample-Cam1-50_04.21.24(601).jpg;192081.543;356113.316;3460675.706;15.108;99.69393928;9.59274244;-2.03755103;9.88162526249E-001;3.16377128509E-002;1.50112880335E-001;1.49880423659E-001;9.60871352839E-003;-9.88657438766E-001;-3.27212518197E-002;9.99453214388E-001;4.75309682851E-003
Sample-Cam1-51_04.21.25(283).jpg;192082.225;356108.703;3460677.641;15.151;99.63688389;9.18450699;-2.01768974;9.89114147322E-001;3.13592830802E-002;1.43769951421E-001;1.43514667464E-001;1.02566976818E-002;-9.89595038577E-001;-3.25075958769E-002;9.99455549546E-001;5.64452769873E-003
Sample-Cam1-52_04.21.25(985).jpg;192082.927;356104.072;3460679.603;15.196;99.89999171;8.84082590;-2.14021954;9.89813249842E-001;3.32885686973E-002;1.38425437083E-001;1.38294247121E-001;6.22281015028E-003;-9.90371636229E-001;-3.38294494634E-002;9.99426409411E-001;1.55580239228E-003
Sample-Cam1-53_04.21.26(701).jpg;192083.643;356099.459;3460681.596;15.249;99.89077171;8.53500729;-2.25704038;9.90403624340E-001;3.51280014318E-002;1.33666317406E-001;1.33521306843E-001;6.45261502185E-003;-9.91024936305E-001;-3.56752226691E-002;9.99361990109E-001;1.70035664616E-003
Sample-Cam1-54_04.21.27(428).jpg;192084.370;356094.856;3460683.598;15.319;99.52207381;8.78228287;-2.23876893;9.89887330545E-001;3.48252300769E-002;1.37514639866E-001;1.37161798260E-001;1.23373107377E-002;-9.90471822851E-001;-3.61899699585E-002;9.99317263993E-001;7.43585641005E-003
Sample-Cam1-55_04.21.28(171).jpg;192085.114;356090.221;3460685.559;15.381;99.84414105;9.43092523;-2.55888018;9.88248374280E-001;3.97438476519E-002;1.47599381120E-001;1.47381343439E-001;8.37735854420E-003;-9.89044265678E-001;-4.05449175526E-002;9.99174782727E-001;2.42140930171E-003
Sample-Cam1-56_04.21.28(912).jpg;192085.855;356085.597;3460687.427;15.462;100.15143975;10.85153318;-2.88553368;9.84495448206E-001;4.46536834091E-002;1.69631250126E-001;1.69564337044E-001;5.30966293295E-003;-9.85504816367E-001;-4.49071048293E-002;9.98988416368E-001;-2.34433323484E-003
Sample-Cam1-57_04.21.29(644).jpg;192086.587;356080.940;3460689.190;15.556;100.10869131;12.19616452;-3.04907449;9.80579446857E-001;4.70005513735E-002;1.90407186243E-001;1.90270302915E-001;7.41064479847E-003;-9.81703771090E-001;-4.75516585510E-002;9.98867373836E-001;-1.67608316966E-003
Sample-Cam1-58_04.21.30(360).jpg;192087.303;356076.274;3460690.855;15.659;100.17076371;13.31017754;-3.14697254;9.77028222370E-001;4.83363535959E-002;2.07555895153E-001;2.07434153024E-001;7.57672758547E-003;-9.78219640653E-001;-4.88561649214E-002;9.98802377911E-001;-2.62393388421E-003
Sample-Cam1-59_04.21.31(085).jpg;192088.028;356071.517;3460692.473;15.764;100.25725739;13.87339017;-2.80118074;9.75403681819E-001;4.29463047280E-002;2.16201925069E-001;2.16168652905E-001;5.47285280344E-003;-9.76340699440E-001;-4.31134665083E-002;9.99062391842E-001;-3.94540406578E-003
Sample-Cam1-60_04.21.31(824).jpg;192088.767;356066.761;3460694.072;15.878;100.47491464;13.77935420;-2.93312125;9.75630531918E-001;4.49824108914E-002;2.14759511781E-001;2.14869221650E-001;2.43896080423E-003;-9.76639784699E-001;-4.44554021198E-002;9.98984801777E-001;-7.28581098942E-003
Sample-Cam1-61_04.21.32(581).jpg;192089.523;356062.000;3460695.718;15.978;100.35240832;13.02007974;-2.88729769;9.78151934637E-001;4.43931206532E-002;2.03096143744E-001;2.03135164742E-001;3.67793935876E-003;-9.79143798227E-001;-4.42142240722E-002;9.99007369142E-001;-5.42022037804E-003
Sample-Cam1-62_04.21.33(350).jpg;192090.292;356057.288;3460697.426;16.087;100.19769703;11.99842170;-2.76850294;9.81363203660E-001;4.27039974750E-002;1.87356961711E-001;1.87313929702E-001;5.04260989182E-003;-9.82287159554E-001;-4.28923564498E-002;9.99075042569E-001;-3.05042178276E-003
Sample-Cam1-63_04.21.34(147).jpg;192091.089;356052.577;3460699.221;16.205;100.17856244;10.99042959;-2.84935953;9.84148592150E-001;4.40775999696E-002;1.71781005206E-001;1.71733795570E-001;4.88387487997E-003;-9.85131286289E-001;-4.42611796907E-002;9.99016172515E-001;-2.76315495503E-003
Sample-Cam1-64_04.21.34(930).jpg;192091.872;356047.978;3460701.023;16.314;100.12868129;10.95262067;-2.93658927;9.84189011977E-001;4.54307365103E-002;1.71195902067E-001;1.71106657659E-001;5.87491082300E-003;-9.85234995891E-001;-4.57657121570E-002;9.98950215778E-001;-1.99147880093E-003
Sample-Cam1-65_04.21.35(711).jpg;192092.653;356043.321;3460702.818;16.424;100.47511642;11.22649257;-3.21501228;9.83236267241E-001;4.96969605171E-002;1.75432764606E-001;1.75580955696E-001;1.40204248799E-003;-9.84463997449E-001;-4.91708326015E-002;9.98763358555E-001;-7.34730080038E-003
Sample-Cam1-66_04.21.36(481).jpg;192093.423;356038.656;3460704.596;16.544;100.33865515;11.62349580;-2.95952441;9.82315840780E-001;4.56989231092E-002;1.81568712556E-001;1.81617190697E-001;3.12381484392E-003;-9.83364346427E-001;-4.55058786951E-002;9.98950374247E-001;-5.23113722811E-003
Sample-Cam1-67_04.21.37(243).jpg;192094.185;356033.970;3460706.338;16.651;100.35965359;12.35543784;-2.96609265;9.80160954278E-001;4.57000204217E-002;1.92862676126E-001;1.92913428921E-001;3.33905918309E-003;-9.81210099635E-001;-4.54853014811E-002;9.98949627768E-001;-5.54333220604E-003
Sample-Cam1-68_04.21.38(000).jpg;192094.942;356029.271;3460708.013;16.778;100.21400411;13.18849150;-2.85987153;9.77630817072E-001;4.39474382903E-002;2.05685702418E-001;2.05627993779E-001;5.87863811833E-003;-9.78612573897E-001;-4.42166675120E-002;9.99016548552E-001;-3.28968578045E-003
Sample-Cam1-69_04.21.38(756).jpg;192095.698;356024.556;3460709.648;16.871;100.03531412;13.79487486;-3.05485827;9.75490404345E-001;4.68454549967E-002;2.14997614819E-001;2.14776708603E-001;9.75875516028E-003;-9.76614423475E-001;-4.78480561070E-002;9.98854478913E-001;-5.41740620004E-004
Sample-Cam1-70_04.21.39(495).jpg;192096.437;356019.816;3460711.215;16.969;99.66958578;15.10245508;-2.87094430;9.71004754547E-001;4.38188070277E-002;2.35009954679E-001;2.34533884427E-001;1.57792702915E-002;-9.71979872057E-001;-4.62992840445E-002;9.98914874641E-001;5.04475145313E-003
Sample-Cam1-71_04.21.40(234).jpg;192097.176;356015.034;3460712.676;17.062;99.54542659;16.64309120;-3.13087253;9.64853614689E-001;4.74894371647E-002;2.58461323178E-001;2.57791224504E-001;1.98373137126E-002;-9.65996980095E-001;-5.10018312379E-002;9.98674739013E-001;6.89774368362E-003
Sample-Cam1-72_04.21.40(978).jpg;192097.920;356010.195;3460714.005;17.192;100.57670798;18.10562387;-3.89173950;9.58036579840E-001;5.86390863276E-002;2.80583978948E-001;2.80601805069E-001;8.09921650246E-003;-9.59790096680E-001;-5.85537247282E-002;9.98246392554E-001;-8.69488779371E-003
Sample-Cam1-73_04.21.41(726).jpg;192098.669;356005.325;3460715.252;17.355;100.81954971;18.78061333;-3.79829116;9.55098167293E-001;5.70521338173E-002;2.90744810548E-001;2.90971027327E-001;4.48490719287E-003;-9.56721352779E-001;-5.58869581368E-002;9.98361126865E-001;-1.23169913476E-002
Sample-Cam1-74_04.21.42(448).jpg;192099.391;356000.513;3460716.450;17.491;100.43098098;18.72385932;-1.48453892;9.56799247904E-001;2.23157260432E-002;2.89891716992E-001;2.89964111623E-001;-8.69977507262E-006;-9.57037519586E-001;-2.13544651074E-002;9.99750973141E-001;-6.47908361560E-003
Sample-Cam1-75_04.21.43(160).jpg;192100.103;355995.719;3460717.683;17.515;100.45698480;18.45195180;-1.70651883;9.57944605409E-001;2.56847531622E-002;2.85801375823E-001;2.85883735168E-001;4.84398313493E-004;-9.58264188689E-001;-2.47512208551E-002;9.99669974948E-001;-6.87882641961E-003
Sample-Cam1-76_04.21.43(854).jpg;192100.797;355990.927;3460718.936;17.518;100.16987416;18.27603001;-1.35956581;9.58856295120E-001;2.04804580914E-002;2.83152178421E-001;2.83143584634E-001;3.37875410817E-003;-9.59071579446E-001;-2.05989268756E-002;9.99784544218E-001;-2.55917067268E-003
Sample-Cam1-77_04.21.44(537).jpg;192101.480;355986.101;3460720.198;17.504;100.37561240;18.18887689;-1.35209210;9.59245341559E-001;2.03761044109E-002;2.81838941713E-001;2.81895773788E-001;8.65731009687E-005;-9.59445029809E-001;-1.95741517750E-002;9.99792381884E-001;-5.66089287587E-003
Sample-Cam1-78_04.21.45(200).jpg;192102.143;355981.294;3460721.475;17.490;99.92727209;18.16810683;-1.11798684;9.59405671223E-001;1.68501393828E-002;2.81525897260E-001;2.81462242406E-001;6.08593331802E-003;-9.59553004016E-001;-1.78819497008E-002;9.99839504230E-001;1.09620092446E-003
Sample-Cam1-79_04.21.45(834).jpg;192102.776;355976.481;3460722.721;17.381;99.22772235;18.57713448;0.46090265;9.57699936211E-001;-6.93371721787E-003;2.87685167755E-001;2.87744284266E-001;1.00476698990E-002;-9.57654567786E-001;3.74954036498E-003;9.99925481171E-001;1.16177903195E-002
Sample-Cam1-80_04.21.46(437).jpg;192103.379;355971.698;3460723.930;17.234;99.32029148;19.00932850;0.38345699;9.55732580837E-001;-5.75676072282E-003;2.94180376015E-001;2.94222580950E-001;8.90460661968E-003;-9.55695443559E-001;2.88214946882E-003;9.99943782263E-001;1.02041916637E-002
Sample-Cam1-81_04.21.47(023).jpg;192103.965;355966.881;3460725.128;17.126;98.66493000;19.57556823;0.24415181;9.53088559027E-001;-3.65523427205E-003;3.02669519302E-001;3.02681161732E-001;1.98090210633E-002;-9.52885993714E-001;-2.51256534149E-003;9.99797100389E-001;1.99861218968E-002
Sample-Cam1-82_04.21.47(605).jpg;192104.547;355962.041;3460726.262;17.018;98.96436084;20.21276433;-0.19471941;9.50013998974E-001;2.90576491245E-003;3.12193783223E-001;3.12101259297E-001;1.72217504460E-002;-9.49892738817E-001;-8.13668841649E-003;9.99847472289E-001;1.54540111221E-002
Sample-Cam1-83_04.21.48(183).jpg;192105.125;355957.159;3460727.369;16.898;98.84686820;20.63626352;-0.10489682;9.47919340991E-001;1.56190275701E-003;3.18506645824E-001;3.18424120969E-001;1.86370589451E-002;-9.47765128721E-001;-7.41634410018E-003;9.99825094951E-001;1.71690811208E-002
Sample-Cam1-84_04.21.48(753).jpg;192105.695;355952.275;3460728.447;16.787;98.93924139;20.75258882;0.01051192;9.47337046751E-001;-1.56425107396E-004;3.20238185394E-001;3.20196478705E-001;1.66087153454E-002;-9.47205556149E-001;-5.17057813310E-003;9.99862053538E-001;1.57841381142E-002
Sample-Cam1-85_04.21.49(314).jpg;192106.256;355947.401;3460729.522;16.664;98.69315140;20.74703611;0.51823097;9.47333599236E-001;-7.71180032763E-003;3.20155555777E-001;3.20244587726E-001;1.79202066636E-002;-9.47165386944E-001;1.56709661734E-003;9.99809679053E-001;1.94460761942E-002
Sample-Cam1-86_04.21.49(870).jpg;192106.812;355942.548;3460730.592;16.550;99.23679052;20.67615468;-0.21149568;9.47715632713E-001;3.14848059490E-003;3.19100558730E-001;3.19036040460E-001;1.30481401440E-002;-9.47652758623E-001;-7.14733513156E-003;9.99909912496E-001;1.13614476098E-002
Sample-Cam1-87_04.21.50(423).jpg;192107.365;355937.675;3460731.680;16.456;98.96079079;20.64073597;0.03980521;9.47898064117E-001;-5.92681633089E-004;3.18573239259E-001;3.18540939267E-001;1.61239677263E-002;-9.47771959743E-001;-4.57493759538E-003;9.99869824724E-001;1.54726711577E-002
Sample-Cam1-88_04.21.50(972).jpg;192107.914;355932.807;3460732.769;16.335;98.67318618;20.58178993;0.35612475;9.48177981292E-001;-5.30415767623E-003;3.17695422857E-001;3.17738035422E-001;1.90629166453E-002;-9.47986891289E-001;-1.02792941811E-003;9.99804216395E-001;1.97603704619E-002
Sample-Cam1-89_04.21.51(516).jpg;192108.458;355927.951;3460733.847;16.230;99.18531161;20.50564155;0.11061972;9.48570713581E-001;-1.64824811542E-003;3.16561028262E-001;3.16556865599E-001;1.22467122866E-002;-9.48494474881E-001;-2.31347760356E-003;9.99923647743E-001;1.21386368698E-002
Sample-Cam1-90_04.21.52(055).jpg;192108.997;355923.075;3460734.956;16.097;98.84423111;20.56527248;-0.12661282;9.48273337554E-001;1.88595656258E-003;3.17449398254E-001;3.17360352216E-001;1.87849903640E-002;-9.48118943476E-001;-7.75139503082E-003;9.99821767769E-001;1.72147776695E-002
Sample-Cam1-91_04.21.52(585).jpg;192109.527;355918.200;3460736.035;16.001;98.96691884;20.85019083;-0.12067061;9.46843279152E-001;1.79473368202E-003;3.21690198257E-001;3.21616507337E-001;1.68365393839E-002;-9.46720314111E-001;-7.11526052758E-003;9.99856644661E-001;1.53643481815E-002
Sample-Cam1-92_04.21.53(111).jpg;192110.053;355913.315;3460737.108;15.910;98.69759398;21.07163120;-0.44505315;9.45697184807E-001;6.61136188199E-003;3.24981729550E-001;3.24762774793E-001;2.27276329544E-002;-9.45522392548E-001;-1.36372561707E-002;9.99719833050E-001;1.93463342723E-002
Sample-Cam1-93_04.21.53(632).jpg;192110.574;355908.431;3460738.157;15.826;98.58526781;21.25696650;-0.23426626;9.44763791698E-001;3.47660083805E-003;3.27733567312E-001;3.27568659206E-001;2.34262902467E-002;-9.44536914277E-001;-1.09613594992E-002;9.99719521752E-001;2.09934853238E-002
Sample-Cam1-94_04.21.54(148).jpg;192111.090;355903.558;3460739.187;15.731;98.59578469;21.39666943;-0.17976592;9.44044955983E-001;2.66576015183E-003;3.29806026031E-001;3.29662205438E-001;2.29865502139E-002;-9.43819076315E-001;-1.00970980624E-002;9.99732220263E-001;2.08215364140E-002
Sample-Cam1-95_04.21.54(663).jpg;192111.605;355898.678;3460740.211;15.645;98.97740243;21.48896429;-0.82825316;9.43489731479E-001;1.22756546847E-002;3.31174327047E-001;3.30894613038E-001;2.03688319890E-002;-9.43447860640E-001;-1.83270743769E-002;9.99717169496E-001;1.51558358172E-002
Sample-Cam1-96_04.21.55(170).jpg;192112.113;355893.799;3460741.228;15.582;98.78087746;21.54926337;-0.44744825;9.43232185080E-001;6.62961714643E-003;3.32067904510E-001;3.31864231932E-001;2.14817810298E-002;-9.43082533317E-001;-1.33856861451E-002;9.99747258691E-001;1.80621744578E-002
Sample-Cam1-97_04.21.55(670).jpg;192112.613;355888.919;3460742.241;15.503;99.12130199;21.57796619;-1.03649925;9.42980673661E-001;1.53543005504E-002;3.32493149639E-001;3.32192708482E-001;1.92129517659E-002;-9.43015835984E-001;-2.08675234160E-002;9.99697508219E-001;1.30168555125E-002
Sample-Cam1-98_04.21.56(164).jpg;192113.107;355883.999;3460743.252;15.419;99.22827241;21.70389479;-0.84544176;9.42363021988E-001;1.25154751267E-002;3.34358038144E-001;3.34143012925E-001;1.65607770783E-002;-9.42376881919E-001;-1.73315233596E-002;9.99784528558E-001;1.14243053669E-002
Sample-Cam1-99_04.21.56(646).jpg;192113.589;355879.141;3460744.237;15.397;99.65540751;21.90039671;-1.19517833;9.41243696618E-001;1.76728135895E-002;3.37265437360E-001;3.37099450264E-001;1.17431609028E-002;-9.41395803477E-001;-2.05976748467E-002;9.99774859572E-001;5.09568043243E-003
Sample-Cam1-100_04.21.57(121).jpg;192114.064;355874.284;3460745.219;15.368;99.18921403;22.04189303;-0.74291075;9.40593608761E-001;1.09768634008E-002;3.39356997316E-001;3.39157756637E-001;1.66943392169E-002;-9.40581370829E-001;-1.59899740537E-002;9.99800383831E-001;1.19797004040E-002
Sample-Cam1-101_04.21.57(597).jpg;192114.540;355869.375;3460746.205;15.300;99.53042853;21.92317155;-1.31042807;9.41089470353E-001;1.93742688397E-002;3.37602201558E-001;3.37369683197E-001;1.43229585371E-002;-9.41263273329E-001;-2.30717500414E-002;9.99709703147E-001;6.94289452290E-003
Sample-Cam1-102_04.21.58(064).jpg;192115.007;355864.480;3460747.193;15.276;99.41587558;21.80517747;-0.85311451;9.41828417028E-001;1.26219074319E-002;3.35856993869E-001;3.35689750400E-001;1.36748440833E-002;-9.41873340803E-001;-1.64810301457E-002;9.99826828052E-001;8.64231180072E-003
Sample-Cam1-103_04.21.58(531).jpg;192115.473;355859.577;3460748.206;15.251;99.83738700;21.65376086;-2.15325905;9.42169956348E-001;3.18794681708E-002;3.33615756319E-001;3.33337476840E-001;1.38346576657E-002;-9.42706067012E-001;-3.46684278383E-002;9.99395968451E-001;2.40797732598E-003
Sample-Cam1-104_04.21.58(988).jpg;192115.930;355854.686;3460749.213;15.264;99.53905581;21.53418775;-1.13783291;9.43183425050E-001;1.68593480805E-002;3.31844525484E-001;3.31653425164E-001;1.31698731162E-002;-9.43309366019E-001;-2.02739312442E-002;9.99771132222E-001;6.83014549624E-003
Sample-Cam1-105_04.21.59(447).jpg;192116.389;355849.791;3460750.225;15.251;99.86820737;21.75538423;-1.55280862;9.41895135374E-001;2.29787554544E-002;3.35120173604E-001;3.34969281878E-001;1.02428191464E-002;-9.42173373034E-001;-2.50825468651E-002;9.99683480635E-001;1.95048431350E-003
Sample-Cam1-106_04.21.59(906).jpg;192116.848;355844.890;3460751.222;15.249;99.47387155;22.01177424;-1.13468237;9.40668668463E-001;1.67678296843E-002;3.38911929652E-001;3.38699234909E-001;1.43030868914E-002;-9.40785974586E-001;-2.06224257696E-002;9.99757101297E-001;7.77521461585E-003
Sample-Cam1-107_04.22.00(367).jpg;192117.309;355839.990;3460752.204;15.243;99.64682482;22.03159910;-1.47782194;9.40459068458E-001;2.18353372901E-002;3.39204891769E-001;3.38979515003E-001;1.34194687140E-002;-9.40698042024E-001;-2.50924084685E-002;9.99671514001E-001;5.21872900141E-003
Sample-Cam1-108_04.22.00(829).jpg;192117.771;355835.093;3460753.187;15.237;99.71195257;21.92589089;-1.65096727;9.40957953650E-001;2.44076480843E-002;3.37642408736E-001;3.37408096060E-001;1.32782235970E-002;-9.41264822189E-001;-2.74573519331E-002;9.99613903211E-001;4.25891203454E-003
Sample-Cam1-109_04.22.01(292).jpg;192118.234;355830.201;3460754.180;15.254;99.76339632;21.67221664;-1.38894607;9.42388051950E-001;2.05638272573E-002;3.33889036284E-001;3.33726188245E-001;1.09996693689E-002;-9.42605876575E-001;-2.30562534227E-002;9.99728031158E-001;3.50326930237E-003
Sample-Cam1-110_04.22.01(759).jpg;192118.701;355825.308;3460755.188;15.268;100.22934021;21.31524523;-1.73217575;9.44120185350E-001;2.56948629636E-002;3.28598310453E-001;3.28572558457E-001;5.33852840351E-003;-9.44463643527E-001;-2.60220953082E-002;9.99655577753E-001;-3.40241443733E-003
Sample-Cam1-111_04.22.02(224).jpg;192119.166;355820.431;3460756.231;15.272;99.34753551;21.28723533;-0.24382587;9.44607328634E-001;3.61787114754E-003;3.28182732176E-001;3.28123836759E-001;1.15055069312E-002;-9.44564646311E-001;-7.19322188063E-003;9.99927264514E-001;9.68107640503E-003
Sample-Cam1-112_04.22.02(702).jpg;192119.644;355815.527;3460757.277;15.272;100.53648255;21.27252503;-3.15592261;9.43529517118E-001;4.68120516594E-002;3.27964452564E-001;3.27967497934E-001;7.83438876324E-003;-9.44656520991E-001;-4.67907108829E-002;9.98872992013E-001;-7.96085440921E-003
Sample-Cam1-113_04.22.03(183).jpg;192120.125;355810.561;3460758.362;15.297;99.13650000;21.21841404;-1.89601513;9.44549421950E-001;2.81393974835E-002;3.27161372724E-001;3.26582313091E-001;2.32987541970E-002;-9.44881559154E-001;-3.42108501737E-002;9.99332448368E-001;1.28169952897E-002
Sample-Cam1-114_04.22.03(660).jpg;192120.602;355805.683;3460759.405;15.331;99.25006095;21.08761043;-1.50937425;9.45372922405E-001;2.24182320549E-002;3.25219096078E-001;3.24825872739E-001;1.94858576996E-002;-9.45573082183E-001;-2.75352498086E-002;9.99558764766E-001;1.11393804465E-002
Sample-Cam1-115_04.22.04(145).jpg;192121.087;355800.773;3460760.469;15.327;99.24441758;21.09538317;-1.59813374;9.45301045535E-001;2.37352810550E-002;3.25334550493E-001;3.24911233465E-001;2.00302218077E-002;-9.45532379447E-001;-2.89589999808E-002;9.99517596967E-001;1.12227301729E-002
Sample-Cam1-116_04.22.04(633).jpg;192121.575;355795.870;3460761.510;15.338;99.67466770;21.21340201;-1.60046888;9.44695624069E-001;2.37547532128E-002;3.27086975536E-001;3.26850888205E-001;1.33306986168E-002;-9.44981898956E-001;-2.68081096927E-002;9.99628933242E-001;4.82919046238E-003
Sample-Cam1-117_04.22.05(122).jpg;192122.064;355790.992;3460762.538;15.347;99.92736170;21.33753097;-1.65900332;9.44034046041E-001;2.46066852290E-002;3.28928914748E-001;3.28787288497E-001;9.71138013465E-003;-9.44354069202E-001;-2.64317770540E-002;9.99650038833E-001;1.07750816582E-003
Sample-Cam1-118_04.22.05(617).jpg;192122.559;355786.078;3460763.594;15.347;99.12085390;21.36777918;-1.14180035;9.44046431385E-001;1.69336264487E-002;3.29377576171E-001;3.29045540702E-001;1.97135595480E-002;-9.44108260590E-001;-2.24803810736E-002;9.99662256897E-001;1.30385812703E-002
Sample-Cam1-119_04.22.06(113).jpg;192123.055;355781.201;3460764.634;15.340;98.94985719;21.17964901;-1.14235348;9.45015361445E-001;1.69592198061E-002;3.26585902172E-001;3.26192931826E-001;2.23513620335E-002;-9.45038934564E-001;-2.33267627511E-002;9.99606323249E-001;1.55904028408E-002
Sample-Cam1-120_04.22.06(615).jpg;192123.557;355776.317;3460765.704;15.324;98.95164243;20.51359143;-1.21436837;9.48360043343E-001;1.80924029417E-002;3.16679480147E-001;3.16264847991E-001;2.25033782149E-002;-9.48403998249E-001;-2.42852654025E-002;9.99583044536E-001;1.56193136730E-002
Sample-Cam1-121_04.22.07(125).jpg;192124.067;355771.426;3460766.828;15.313;99.43940228;19.66854418;-1.46224812;9.52401228870E-001;2.18794941880E-002;3.04061156648E-001;3.03766926748E-001;1.57864894749E-002;-9.52615578796E-001;-2.56428052688E-002;9.99635970984E-001;8.38880526710E-003
Sample-Cam1-122_04.22.07(640).jpg;192124.582;355766.550;3460768.023;15.290;99.38267730;18.94824578;-1.05500510;9.55900465234E-001;1.58426150129E-002;2.93263213029E-001;2.93048472049E-001;1.45549004861E-002;-9.55986792744E-001;-1.94137475968E-002;9.99768556428E-001;9.27038202329E-003
Sample-Cam1-123_04.22.08(157).jpg;192125.099;355761.709;3460769.240;15.276;100.00596573;18.53631022;-1.27573632;9.57716994094E-001;1.91944702151E-002;2.87070952096E-001;2.87015190919E-001;5.65860204602E-003;-9.57909317422E-001;-2.00109821389E-002;9.99799756219E-001;-8.97651910899E-005
Sample-Cam1-124_04.22.08(678).jpg;192125.621;355756.855;3460770.483;15.268;100.26937216;18.42867974;-1.01071237;9.58272509215E-001;1.52150358101E-002;2.85451047935E-001;2.85479692929E-001;3.00914258535E-004;-9.58384711051E-001;-1.46677539890E-002;9.99884199363E-001;-4.05522588940E-003
Sample-Cam1-125_04.22.09(202).jpg;192126.145;355752.012;3460771.745;15.228;99.60185256;18.64711770;-0.75195780;9.57341420140E-001;1.13083799726E-002;2.88737815028E-001;2.88638157653E-001;9.66395407288E-003;-9.57389482885E-001;-1.36168730377E-002;9.99889358146E-001;5.98767355497E-003
Sample-Cam1-126_04.22.09(729).jpg;192126.672;355747.175;3460772.975;15.197;99.57599533;18.90239182;-0.95393454;9.56135370193E-001;1.43281572422E-002;2.92574533711E-001;2.92435404695E-001;1.10432362805E-002;-9.56221512524E-001;-1.69318618953E-002;9.99836362033E-001;6.36876834751E-003
Sample-Cam1-127_04.22.10(261).jpg;192127.203;355742.334;3460774.181;15.182;99.82042897;19.00971834;-1.13034670;9.55597468207E-001;1.69688409932E-002;2.94186228759E-001;2.94088607887E-001;8.04335875281E-003;-9.55744314705E-001;-1.85841186844E-002;9.99823665861E-001;2.69587043491E-003
Sample-Cam1-128_04.22.10(797).jpg;192127.739;355737.484;3460775.393;15.164;99.71979854;19.01277767;-1.15323988;9.55577168192E-001;1.73122216721E-002;2.94232157675E-001;2.94101305756E-001;9.73034496761E-003;-9.55724721005E-001;-1.94086986223E-002;9.99802784237E-001;4.20654849038E-003
Sample-Cam1-129_04.22.11(337).jpg;192128.279;355732.631;3460776.614;15.146;99.42779460;19.01641566;-1.09867519;9.55574842423E-001;1.64928997678E-002;2.94286773037E-001;2.94075956134E-001;1.40650508765E-002;-9.55678558077E-001;-1.99010691037E-002;9.99765051700E-001;8.59004350633E-003
Sample-Cam1-130_04.22.11(880).jpg;192128.822;355727.775;3460777.831;15.119;99.09175317;19.10473478;-0.90676089;9.55211073528E-001;1.36063418061E-002;2.95612368606E-001;2.95349110213E-001;1.84747212919E-002;-9.55210755681E-001;-1.84582801591E-002;9.99736741415E-001;1.36286374126E-002
Sample-Cam1-131_04.22.12(426).jpg;192129.368;355722.920;3460779.025;15.086;99.27409243;19.35460590;-1.06142961;9.54007735614E-001;1.59075471226E-002;2.99359633774E-001;2.99108467535E-001;1.63913343575E-002;-9.54078324252E-001;-2.00839497520E-002;9.99739103018E-001;1.08793777320E-002
Sample-Cam1-132_04.22.12(976).jpg;192129.918;355718.051;3460780.212;15.058;99.20574584;19.50523093;-1.12041438;9.53281738815E-001;1.67789456435E-002;3.01616301657E-001;3.01326566239E-001;1.77814466624E-002;-9.53355191224E-001;-2.13594691129E-002;9.99701098898E-001;1.18947863171E-002
Sample-Cam1-133_04.22.13(528).jpg;192130.470;355713.196;3460781.381;15.036;99.29056470;19.58125851;-1.29428411;9.52871550914E-001;1.93750886440E-002;3.02754708302E-001;3.02446807658E-001;1.72956188651E-002;-9.53009333693E-001;-2.37009703633E-002;9.99662676861E-001;1.06205694636E-002
Sample-Cam1-134_04.22.14(089).jpg;192131.031;355708.321;3460782.542;15.040;99.44813469;19.69882995;-1.10468264;9.52364358388E-001;1.65273844964E-002;3.04514325500E-001;3.04306629637E-001;1.39508310364E-002;-9.52471967814E-001;-1.99900983373E-002;9.99766082579E-001;8.25688157614E-003
Sample-Cam1-135_04.22.14(663).jpg;192131.605;355703.419;3460783.715;15.008;99.03343002;19.90646674;-1.13134519;9.51359257071E-001;1.69085078228E-002;3.07619353014E-001;3.07265537714E-001;2.06456903753E-002;-9.51399834350E-001;-2.24377654575E-002;9.99643865500E-001;1.44460669090E-002
Sample-Cam1-136_04.22.15(248).jpg;192132.190;355698.510;3460784.867;14.979;99.03834355;19.98202700;-1.12294812;9.50995753139E-001;1.67765706918E-002;3.08748480461E-001;3.08398801907E-001;2.05479209507E-002;-9.51035205409E-001;-2.22992487241E-002;9.99648102894E-001;1.43671112585E-002
Sample-Cam1-137_04.22.15(843).jpg;192132.785;355693.633;3460786.005;14.949;99.00443264;20.09409665;-1.05241710;9.50468840692E-001;1.57139447774E-002;3.10422381301E-001;3.10083513133E-001;2.07663947730E-002;-9.50482494174E-001;-2.13821831418E-002;9.99660856885E-001;1.48651759635E-002
Sample-Cam1-138_04.22.16(469).jpg;192133.411;355688.701;3460787.143;14.933;98.97864703;20.25430270;-0.80842887;9.49737957489E-001;1.20611531975E-002;3.12813587762E-001;3.12544395786E-001;2.00131233327E-002;-9.49692305727E-001;-1.77147613019E-002;9.99726964465E-001;1.52375770384E-002
Sample-Cam1-139_04.22.17(138).jpg;192134.080;355683.721;3460788.276;14.911;99.14741609;20.41012965;-1.00006072;9.48928917850E-001;1.49078719236E-002;3.15137532234E-001;3.14860028426E-001;1.83401259601E-002;-9.48960906613E-001;-1.99266496923E-002;9.99720658551E-001;1.27095829029E-002
Sample-Cam1-140_04.22.17(832).jpg;192134.774;355678.819;3460789.385;14.892;99.11036420;20.51956930;-0.94730248;9.48397859861E-001;1.41133845139E-002;3.16768546086E-001;3.16494624629E-001;1.86853073735E-002;-9.48410255042E-001;-1.93041962562E-002;9.99725798240E-001;1.32542951899E-002
