SensorSizePIX=3008,4096
SensorSizeMM=1.03776000000E+001,1.41312000000E+001
PrincipalPoint=1.83687610290E-002,-6.69619552260E-002
FocalLenghtMM=1.25475451505E+001
DistortionType=6
Dist_CV_K1=-5.049329146819090E-002
Dist_CV_K2=7.485740622167529E-003
Dist_CV_K3=-4.958437998304650E-002
Dist_CV_K4=5.089210272679980E-002
Dist_CV_K5=-1.797372617032120E-001
Dist_CV_K6=-7.583498292737729E-002
Dist_CV_P1=-2.120100857435600E-004
Dist_CV_P2=-1.573738717450760E-004
Dist_CV_CX=1.509324278559210E+003
Dist_CV_CY=2.067409262384240E+003
Dist_CV_FX=3.636969608842730E+003
Dist_CV_FY=3.636969608842730E+003
Dist_CV_HEIGHT=4096
Dist_CV_WIDTH=3008
