[Distortion]
CV_CX=1509.32427855921
CV_CY=2067.40926238424
CV_FX=3636.96960884273
CV_FY=3636.96960884273
CV_HEIGHT=4096
CV_K1=-5.04932914681909E-2
CV_K2=7.48574062216753E-3
CV_K3=-4.95843799830465E-2
CV_K4=5.08921027267998E-2
CV_K5=-1.79737261703212E-1
CV_K6=-7.58349829273773E-2
CV_P1=-2.12010085743560E-4
CV_P2=-1.57373871745076E-4
CV_WIDTH=3008
EarthCH=0
EarthCR=0
EarthCurve=0
Focal=0
Rscale=0
Type=6
[Film]
Deform=1
LP0=289.758711069997
LP1=-0
LP2=1508.822508519795
LP3=-0
LP4=289.784307065217
LP5=2028.095476205208
LP6=0
LP7=0
LPgtX=0
LPgtY=0
LPXoffset=0
LPYoffset=0
M0=-5.207169,-6.998638,0.000000,0.000000
M1=5.170431,-6.998638,3007.000000,0.000000
M2=5.170431,7.132562,3007.000000,4095.000000
M3=-5.207169,7.132562,0.000000,4095.000000
NomeCamera=GX025682 - 24.09.2018
NumMarche=4
PL0=0.003451147323
PL1=0
PL2=-5.207168761029
PL3=0
PL4=0.003450842491
PL5=-6.998638044774
PL6=0
PL7=0
PLgtX=0
PLgtY=0
PLXoffset=0
PLYoffset=0
[Origin]
GtX=355000
GtY=3460000
Height=4096
Width=3008
XLocal=0
Xoffset=0
YLocal=0
Yoffset=0
ZLocal=0
Zoffset=0
[Parameters]
0=12.547545150507
1=0.018368761029
2=-0.066961955226
3=1116.912324635169
4=527.097432853452
5=14.874317865366
6=-1.265502974567
7=-1.546107079241
8=3.423120582726
Foto=Track_B-CAM1-247
TipoFoto=0
[PhotoExtent]
Valid=0
[Scan Corr]
IH=0
IW=0
PixSize=0
Type=0
[Software]
Name=GDS
Release=1.4
[Trasformation]
Type=4
